43 2 5 100 6355 31
43 2 5 90 5509 31
43 2 5 80 4672 31
43 2 5 70 4170 31
43 2 5 60 3562 31
43 2 5 50 2335 31
43 2 5 40 1625 31
43 2 5 30 932 31
43 2 5 20 483 31
44 2 5 100 6355 31
44 2 5 90 5509 31
44 2 5 80 4672 31
44 2 5 70 4170 31
44 2 5 60 3562 31
44 2 5 50 2335 31
44 2 5 40 1625 31
44 2 5 30 932 31
44 2 5 20 483 31
45 2 5 100 6355 31
45 2 5 90 5509 31
45 2 5 80 4672 31
45 2 5 70 4170 31
45 2 5 60 3562 31
45 2 5 50 2335 31
45 2 5 40 1625 31
45 2 5 30 932 31
45 2 5 20 483 31
46 1 2 100 7123 30
46 1 3 100 4689 30
43 1 5 100 2997 29
43 1 2 100 2741 28
43 1 3 100 1616 28
43 1 4 100 1276 28
44 1 5 100 2997 29
44 1 2 100 2741 28
44 1 3 100 1616 28
44 1 4 100 1276 28
45 1 5 100 2997 29
45 1 2 100 2741 28
45 1 3 100 1616 28
45 1 4 100 1276 28
40 1 5 100 5136 27
40 1 4 100 1317 27
40 1 3 100 1616 27
40 1 2 100 3226 27
46 1 2 90 6553 26
46 1 3 90 4223 26
43 1 5 90 3861 25
43 1 2 90 2917 25
43 1 3 90 1591 24
43 1 4 90 1211 24
44 1 5 90 3861 25
44 1 2 90 2917 25
44 1 3 90 1591 24
44 1 4 90 1211 24
45 1 5 90 3861 25
45 1 2 90 2917 25
45 1 3 90 1591 24
45 1 4 90 1211 24
40 1 5 90 4339 23
40 1 4 90 1293 23
40 1 3 90 1591 23
40 1 2 90 3305 23
46 1 2 80 5861 22
46 1 3 80 3684 22
46 1 5 80 4454 21
46 1 2 80 2742 21
43 1 3 80 1551 20
43 1 4 80 1189 20
44 1 3 80 1551 20
44 1 4 80 1189 20
45 1 3 80 1551 20
45 1 4 80 1189 20
40 1 5 80 3670 19
40 1 4 80 1324 19
40 1 3 80 1551 19
40 1 2 80 3134 19
43 1 5 70 3735 18
43 1 2 70 2444 18
43 1 3 70 1534 17
43 1 4 70 1156 17
44 1 5 70 3735 18
44 1 2 70 2444 18
44 1 3 70 1534 17
44 1 4 70 1156 17
45 1 5 70 3735 18
45 1 2 70 2444 18
45 1 3 70 1534 17
45 1 4 70 1156 17
40 1 5 70 2971 16
40 1 4 70 1322 16
40 1 3 70 1534 16
40 1 2 70 3025 16
43 1 5 60 3043 15
43 1 2 60 2002 15
43 1 3 60 1388 14
43 1 4 60 1136 14
44 1 5 60 3043 15
44 1 2 60 2002 15
44 1 3 60 1388 14
44 1 4 60 1136 14
45 1 5 60 3043 15
45 1 2 60 2002 15
45 1 3 60 1388 14
45 1 4 60 1136 14
40 1 5 60 2503 13
40 1 4 60 1025 13
40 1 3 60 1388 13
40 1 2 60 1317 13
43 1 5 50 2408 12
43 1 2 50 1765 12
43 1 3 50 1282 11
43 1 4 50 1016 11
44 1 5 50 2408 12
44 1 2 50 1765 12
44 1 3 50 1282 11
44 1 4 50 1016 11
45 1 5 50 2408 12
45 1 2 50 1765 12
45 1 3 50 1282 11
45 1 4 50 1016 11
40 1 5 50 2155 10
40 1 4 50 930 10
40 1 3 50 1282 10
40 1 2 50 2690 10
43 1 5 40 1929 9
43 1 2 40 1241 9
43 1 3 40 1176 8
43 1 4 40 1006 8
44 1 5 40 1929 9
44 1 2 40 1241 9
44 1 3 40 1176 8
44 1 4 40 1006 8
45 1 5 40 1929 9
45 1 2 40 1241 9
45 1 3 40 1176 8
45 1 4 40 1006 8
40 1 5 40 1650 7
40 1 4 40 906 7
40 1 3 40 1176 7
40 1 2 40 2010 7
43 1 5 30 1486 6
43 1 2 30 886 6
43 1 3 30 849 5
43 1 4 30 921 5
44 1 5 30 1486 6
44 1 2 30 886 6
44 1 3 30 849 5
44 1 4 30 921 5
45 1 5 30 1486 6
45 1 2 30 886 6
45 1 3 30 849 5
45 1 4 30 921 5
40 1 5 30 1446 4
40 1 4 30 851 4
40 1 3 30 849 4
40 1 2 30 1368 4
43 1 5 20 1043 3
43 1 2 20 507 3
43 1 3 20 488 2
43 1 4 20 821 2
44 1 5 20 1043 3
44 1 2 20 507 3
44 1 3 20 488 2
44 1 4 20 821 2
45 1 5 20 1043 3
45 1 2 20 507 3
45 1 3 20 488 2
45 1 4 20 821 2
40 1 5 20 1113 1
40 1 4 20 740 1
40 1 3 20 488 1
40 1 2 20 1112 1